sdk/python/polar/v2027_01/inputs.py
  ai_agent 1563,1614,1900,1959,2063-2073,2099-2109,2340,2349,2604,2607,2709,2801,2850,2878,2918,3209,3352,3361,3373,3394,3399-3400,3402-3403,3413,3419,3838
docs/openapi/2027-01.openapi.json
  ai_agent 1369-1388,2640-2655,3729,3733,3819-3838,4969-4984,11512-11527,11746,12521-12536,13121-13140,13698-13721,14428-14447,14737-14756,16156-16179,16501-16524,23747-23762,60557-60563,62745-62748,70293-70296,74085-74088,74418-74421,76126-76129,77580-77583,78543-78546,82116,82242-82245
docs/openapi/2026-10.openapi.json
  ai_agent 1369-1388,2640-2655,3729,3733,3819-3838,4969-4984,11512-11527,11746,12521-12536,13121-13140,13698-13721,14428-14447,14737-14756,16156-16179,16501-16524,23747-23762,60398-60404,62586-62589,73980-73983,74313-74316,76029-76032,77483-77486,78446-78449,81966,82091-82094
sdk/typescript/src/2027-01/models.ts
  ai_agent 2923,3243,3593,3856,4099,5354,5648,6010,6281,6383,6387,6431,6471,6475-6483,6667,7258,7567,7719,7761,7827,7831-7839,8023,8087,8275,10449,10453,10631,10711,10795,10803,10943,10951,10955,11273,11291,11389,11459,11551,11671,11675,11856,12066,12074,12326,12852,13246,13585,13727,13771,13827,14041-14051,14089-14099,14155,14253,14541,14545,14775,14779,14823,14899,14927,14967,14995,15185,15375,16085,16180,16192,16232,16244,16498,17040,17044,17048,17052,17056,17070,17084,17088,17779,18093,18245,18253,18553,18573,18593,18601,18605,18609,18613,18633,18853,18857,19128,19608,19702,19765,19800,19960,20006,20314,20352,20506,20536,20568,20572,20586,20598,20624,20656,20674,20712,20736,20738-20746,20758,20766,20768,20770,20772,20793,20817,20844,20852,21084,21514,21522,22079,22263,24143,24177,24219,24305
sdk/python/polar/__init__.py
  ai_agent 11
sdk/typescript/package.json
  ai_agent 3
sdk/python/uv.lock
  ai_agent 181-201,215-235
sdk/CHANGELOG.md
  ai_agent 13-14,44-45
  s_54e42286d73777::t_ec9c7c56bab0cb 15-22
sdk/python/polar/v2027_01/literals.py
  ai_agent 813
sdk/python/polar/v2027_01/outputs.py
  ai_agent 753,917,1083,1200,1316,2065,2191,2374,2489,2562,2565,2598,2629,2632-2640,2771,2993,3066,3127,3159,3209,3212-3220,3351,3398,3531,4365,4368,4532,4593,4599,4689,4695,4698,4859,4911,4962,4997,5049,5052,5185,5338,5344,5489,6107,6154,6187,6223,6326,6386,6516,6519,6660,6663,6696,6753,6773,6803,6823,6903,7009,7349,7372,7381,7527,7798,7801,7804,7807,7810,7821,7832,7835,8141,8337,8444,8450,8650,8665,8680,8686,8689,8692,8695,8710,8882,9124,9226,9266,9297,9320,9343,9346,9363,9386,9406,9422-9423,9425-9426,9428-9429,9447,9464,9534,9733,9739,10046,10169,11236,11262,11315
sdk/python/polar/v2026_10/literals.py
  ai_agent 813
sdk/typescript/pnpm-lock.yaml
  ai_agent 31,38-39,288-289,294-295,300-301,306-307,312-313,318-319,324-325,331-332,338-339,345-346,352-353,359-360,366-367,372-373,378-379,797-798,890-891,992,1112,1115,1118,1121,1124,1127,1130,1133,1136,1139,1142,1145,1148,1151,1154,1185,1191,1453,1458,1467,1469,1472-1486,1526-1527,1552,1557,1563,1566,1583
sdk/python/polar/v2026_04/outputs.py
  ai_agent 754,918,1084,1201,1317,2066,2192,2375,2490,2563,2566,2599,2630,2633-2641,2772,2994,3067,3128,3160,3210,3213-3221,3352,3399,3532,4366,4369,4533,4594,4600,4690,4696,4699,4860,4912,4963,4998,5050,5053,5186,5339,5345,5490,6108,6155,6188,6224,6327,6387,6517,6520,6643,6646,6679,6736,6756,6786,6806,6886,7273,7296,7305,7451,7722,7725,7728,7731,7734,7745,7756,7759,8065,8261,8368,8374,8574,8589,8604,8610,8613,8616,8619,8634,8806,9048,9150,9190,9221,9244,9267,9270,9287,9310,9330,9347,9373,9400,9417,9487,9680,9686,9993,10116,11165,11191,11244
sdk/python/polar/v2026_04/literals.py
  ai_agent 813
sdk/typescript/src/2026-10/models.ts
  ai_agent 2927,3247,3597,3860,4103,5358,5652,6014,6285,6387,6391,6435,6475,6479-6487,6671,7262,7571,7723,7765,7831,7835-7843,8027,8091,8279,10453,10457,10635,10715,10799,10807,10947,10955,10959,11277,11295,11393,11463,11555,11675,11679,11860,12070,12078,12330,12856,13250,13589,13731,13775,13831,14045-14055,14093-14103,14159,14257,14545,14549,14763,14767,14811,14887,14915,14955,14983,15173,16021,16116,16128,16168,16180,16434,16976,16980,16984,16988,16992,17006,17020,17024,17715,18029,18181,18189,18489,18509,18529,18537,18541,18545,18549,18569,18789,18793,19064,19544,19638,19701,19736,19896,19942,20250,20288,20442,20472,20504,20508,20522,20534,20560,20592,20610,20648,20672,20686,20694,20726,20744,20779,20803,20830,20838,21070,21500,21508,22065,22249,24113,24147,24189,24275
sdk/python/polar/v2026_04/inputs.py
  ai_agent 1564,1615,1901,1960,2064-2074,2100-2110,2341,2350,2605,2608,2710,2802,2851,2879,2919,3210,3353,3362,3374,3395,3401,3425,3438,3444,3861
sdk/python/polar/v2026_10/inputs.py
  ai_agent 1564,1615,1901,1960,2064-2074,2100-2110,2341,2350,2605,2608,2710,2802,2851,2879,2919,3210,3353,3362,3374,3395,3401,3425,3438,3444,3863
sdk/typescript/src/2026-04/models.ts
  ai_agent 2927,3247,3597,3860,4103,5358,5652,6014,6285,6387,6391,6435,6475,6479-6487,6671,7262,7571,7723,7765,7831,7835-7843,8027,8091,8279,10453,10457,10635,10715,10799,10807,10947,10955,10959,11277,11295,11393,11463,11555,11675,11679,11860,12070,12078,12330,12856,13250,13589,13731,13775,13831,14045-14055,14093-14103,14159,14257,14545,14549,14755,14759,14803,14879,14907,14947,14975,15165,15979,16074,16086,16126,16138,16392,16934,16938,16942,16946,16950,16964,16978,16982,17673,17987,18139,18147,18447,18467,18487,18495,18499,18503,18507,18527,18747,18751,19022,19502,19596,19659,19694,19854,19900,20208,20246,20400,20430,20462,20466,20480,20492,20518,20550,20568,20606,20630,20644,20652,20684,20702,20737,20761,20788,20796,21028,21450,21458,22015,22199,24055,24089,24131,24217
sdk/python/polar/v2026_10/outputs.py
  ai_agent 754,918,1084,1201,1317,2066,2192,2375,2490,2563,2566,2599,2630,2633-2641,2772,2994,3067,3128,3160,3210,3213-3221,3352,3399,3532,4366,4369,4533,4594,4600,4690,4696,4699,4860,4912,4963,4998,5050,5053,5186,5339,5345,5490,6108,6155,6188,6224,6327,6387,6517,6520,6649,6652,6685,6742,6762,6792,6812,6892,7303,7326,7335,7481,7752,7755,7758,7761,7764,7775,7786,7789,8095,8291,8398,8404,8604,8619,8634,8640,8643,8646,8649,8664,8836,9078,9180,9220,9251,9274,9297,9300,9317,9340,9360,9377,9403,9430,9447,9517,9716,9722,10029,10152,11207,11233,11286
docs/openapi/2026-04.openapi.json
  ai_agent 1369-1388,2640-2655,3729,3733,3819-3838,4969-4984,11512-11527,11746,12521-12536,13121-13140,13698-13721,14428-14447,14737-14756,16156-16179,16501-16524,23747-23762,54415,54538-54541,60476-60482,62638-62641,74032-74035,74365-74368,76055-76058,77509-77512,78472-78475,81965,82088-82091
---
{
  "schema_version": "authorship/3.0.0",
  "git_ai_version": "1.5.2",
  "base_commit_sha": "0e3611c8a84f3eaf58de5de8e5e9e79cbe45a56b",
  "prompts": {},
  "sessions": {
    "s_54e42286d73777": {
      "agent_id": {
        "tool": "codex",
        "id": "01a0fb5b-cb12-72b0-8a1e-3db47d8586b2",
        "model": "gpt-6.1-sol"
      },
      "human_author": "Abris Simon <abris96@gmail.com>"
    }
  }
}